1111111111111111111111110
1000000101010101000001010
1111110101010101111011010
1010100000010100101010010
1000111111010101101011010
1110010100010100101001010
1011010111010101101011010
1010000000010100101010010
1011111111010101101011010
1010010010000100101010010
1011011011110101101011010
1010010010000100101010010
1011011011110101101011010
1000001001010101001001010
1111101101000101011011000
1000000001110001010001110
1111111101011101011100100
1000000000000101010001110
1111111111010000011100100
1000000000011111000001110
1110111111110100011100100
1000100000000001010001110
1111111111111111111100100
1000000000000101010110110
1111111111110000000000000
